0000000000000000000000000000000000000000100000000000000000000000100000000000000000000000000000000000
0000100000000000000000000000000000000001000000000000000000000001000000000000000000000000000000000000
0001110000000000001000000000101010000001110010000000000000000001111000000000000000000000000000000000
0000000000000000011100000000000010000000000010000000000000000000000000000000000000100000000000000000
0000000000000000000000000000000000000000000010000000000000000000000000000000000011000000000000000000
0000000000000000000000000000011100000000000010000000000000000000000000000000000001000000000000000000
0000000000000000000000000000011100000000000000000000000000000000001110000000000000000000000010000000
0000000010100000000110000000000000000000000001000001000000000000000100000000000000000000001111000000
0000000011000000000110000000000000000000000001010111000000000000000000000000000000000000000000000000
0000000000000000000000000000000000000000000001001001000000000000000000000000000000000000000001000000
1000000000000101100010000000000000000000000011000001000000000000000100000000000011000000000000000000
1010000000000111101110000000011100000000000010000000000000000000000010000000000001000000010000000000
1011100000000110100000000000011100000000000000000010000000000000001110000000000000000000101000000000
1010000010100000000110000000000000000000000000000101010000000000000000000000000000000001010100000000
1000100000000000000000000000000000000000000000000010000000000001000000000000000000000000101000000000
